725
840
279
231
250
469
839
426
376
255
776
921
542
432
879
376
101
558
84
449
605
444
216
419
8
112
821
275
505
846
151
231
687
430
462
937
618
21
84
994
277
579
916
538
13
515
915
832
74
718
282
398
163
498
817
889
329
639
166
834
487
317
66
893
747
248
832
85
269
635
81
265
215
716
804
946
951
720
498
26
158
780
144
321
998
961
211
47
321
96
882
527
413
667
421
879
634
972
965
623
608
765
888
543
201
693
490
153
133
989
898
291
489
43
331
207
723
262
255
45
358
856
572
491
243
713
371
878
686
56
221
15
540
110
558
742
523
767
614
375
757
232
386
966
275
717
892
718
698
148
763
776
723
56
268
967
769
358
565
175
415
786
190
674
615
467
136
139
236
751
234
712
702
620
398
978
57
292
416
756
159
180
533
883
954
520
570
724
878
136
619
13
922
809
688
538
996
543
397
233
295
631
664
998
970
64
696
28
75
831
503
234
12
755
836
686
276
407
411
874
543
31
606
466
560
14
724
557
558
122
509
572
472
892
290
443
675
705
190
750
537
694
704
269
169
541
955
446
668
367
40
212
118
646
398
397
380
841
673
938
682
183
230
155
794
521
317
471
227
507
940
484
920
645
753
91
906
709
537
575
795
296
506
632
661
623
30
42
465
703
699
148
605
930
22
401
171
339
591
117
847
251
601
768
616
355
859
523
65
116
817
580
131
324
213
793
667
244
554
133
666
255
1
273
904
23
393
76
82
984
193
929
954
514
417
571
869
996
95
654
831
631
235
682
675
448
476
343
411
749
195
79
723
196
71
347
938
464
423
21
168
336
669
123
850
87
695
439
802
509
94
354
142
48
37
536
216
232
879
627
981
75
425
706
990
496
54
648
679
197
669
847
252
339
690
103
145
105
261
667
333
356
22
194
404
59
730
620
291
610
967
991
405
393
417
115
609
191
763
289
388
152
856
359
491
547
181
355
371
442
741
704
798
763
899
922
541
630
262
551
960
230
544
85
343
961
200
952
153
682
960
260
834
817
619
45
84
519
119
455
962
861
161
480
625
779
122
886
410
385
438
90
334
982
893
677
664
94
349
536
495
311
516
330
847
854
375
932
375
495
388
338
357
268
537
701
48
660
307
178
764
746
986
99
448
881
496
831
975
845
369
191
875
885
521
724
459
616
657
834
830
764
891
906
34
430
608
800
809
635
978
574
382
685
392
549
567
888
382
262
454
751
453
330
356
975
55
534
311
431
370
142
197
980
49
949
130
376
750
939
12
449
233
113
135
626
663
421
234
46
683
688
516
138
738
591
832
512
126
862
944
215
5
860
197
772
529
327
149
280
268
880
448
220
993
302
565
657
723
800
422
127
208
938
983
946
249
816
179
376
679
124
591
403
703
507
176
233
835
44
232
822
924
400
43
919
702
328
296
146
847
438
273
56
377
257
722
346
792
901
441
191
744
33
594
167
541
489
400
96
533
632
918
178
33
680
816
455
9
113
320
856
551
312
632
648
288
74
713
81
694
155
990
439
906
304
606
167
793
725
263
46
77
182
224
829
863
41
4
591
873
324
449
425
636
800
792
643
874
506
443
288
380
434
446
288
738
53
455
251
497
719
297
574
620
522
404
203
563
408
795
437
451
963
582
806
483
94
450
358
320
893
646
700
47
93
707
785
864
164
755
81
602
54
655
223
576
779
146
858
906
941
16
359
624
598
166
108
411
336
185
731
230
550
152
996
362
859
501
227
24
258
27
626
312
682
569
607
181
715
185
89
376
201
167
719
518
333
827
930
388
13
662
338
282
533
335
644
394
836
871
418
95
617
764
126
300
53
452
201
487
638
290
582
839
457
302
359
509
848
9
898
580
390
237
862
924
291
507
319
128
98
456
224
715
939
69
734
711
522
935
199
161
944
500
719
402
802
797
631
651
806
530
232
916
486
813
841
777
321
879
624
419
55
567
853
995
637
589
426
160
244
345
40
190
845
759
592
368
558
224
20
84
473
971
1
678
504
561
175
826
441
800
964
216
368
538
930
6
128
357
884
91
702
924
281
268
404
593
636
681
817
375
765
11
347
486
408
571
766
584
398
927
385
82
144
753
620
75
479
467
151
364
559
854
9
840
123
413
434
759
95
971
135
579
701
202
784
110
492
271
413
890
199
798
691
62
272
32
137
470
218
288
834
777
861
562
338
703
975
491
182
789
182
37
89
602
957
873
432
450
145
845
60
63
364
751
125
355
783
980
825
721
270
379
499
850
942
556
555
637
767
456
147
949
493
236
272
451
828
704
901
693
269
961
756
352
433
882
707
935
582
252
657
571
632
876
423
294
433
697
931
201
154
79
870
367
34
861
818
863
285
440
557
554
402
33
907
554
634
334
491
218
587
149
789
938
26
931
233
179
629
883
99
503
682
688
870
716
550
408
299
835
848
856
110
970
609
736
525
244
71
17
181
377
885
971
316
630
903
268
809
253
871
909
475
554
317
65
989
868
473
290
423
42
865
533
13
194
270
257
439
61
275
620
438
879
311
474
510
934
461
40
188
333
949
663
606
985
728
316
854
920
325
997
962
909
531
694
105
521
952
263
301
228
602
458
826
914
651
337
568
114
377
756
166
46
139
492
33
586
808
606
226
852
604
190
762
855
884
586
96
837
849
397
784
172
855
330
805
508
387
374
341
764
849
226
530
988
718
282
294
246
607
520
99
213
429
581
787
34
168
883
590
737
0
95
909
574
425
715
801
812
90
143
297
658
370
827
647
807
828
660
55
436
899
872
368
49
454
874
83
623
477
673
80
477
768
989
771
913
705
573
726
514
436
24
173
525
570
539
333
118
918
107
555
537
980
642
586
435
518
669
777
995
63
857
193
550
566
683
464
272
257
910
505
412
934
397
937
225
655
990
343
574
98
617
113
79
261
418
234
498
807
12
494
589
589
406
140
156
90
324
148
67
235
372
479
888
770
137
114
426
128
458
720
226
76
552
25
337
970
259
835
497
989
50
87
579
175
228
736
984
271
603
52
506
975
250
395
746
387
510
892
515
687
332
461
763
603
486
820
293
464
375
791
454
144
878
753
39
825
209
24
815
812
794
322
788
45
437
255
152
666
148
386
354
199
847
836
802
53
376
96
236
471
606
691
615
486
164
654
31
373
397
847
186
192
888
974
956
326
230
109
711
97
495
784
15
344
341
817
116
717
633
353
907
240
763
524
445
927
897
477
301
15
44
487
207
932
181
164
978
131
991
690
946
488
195
962
551
536
499
667
972
851
739
881
93
222
125
538
150
23
734
170
756
778
376
683
431
558
847
410
408
840
819
355
48
15
37
599
551
256
985
525
108
726
126
919
948
251
178
818
992
631
988
750
411
366
434
561
643
1
971
52
560
510
126
608
526
164
208
796
139
195
41
965
640
167
886
308
418
783
127
412
415
117
163
545
202
316
107
845
317
797
897
878
309
24
206
554
906
415
70
764
329
112
731
688
279
337
996
417
121
843
829
255
679
711
801
881
28
627
727
64
426
344
942
454
87
868
727
994
3
797
478
332
909
210
739
908
547
455
326
387
299
874
643
978
305
164
579
333
791
307
397
936
651
60
391
458
928
837
453
931
636
931
982
546
861
441
174
128
896
219
235
197
94
597
894
399
761
475
451
272
501
568
210
872
347
320
331
276
159
503
926
795
154
628
61
16
70
236
863
685
174
99
601
269
696
497
387
177
691
839
449
193
408
659
784
755
699
116
750
858
619
396
373
493
25
153
509
813
108
373
218
283
191
820
552
887
37
939
65
728
498
234
640
906
893
426
662
312
261
132
171
600
528
263
94
272
417
322
804
525
415
24
527
606
844
80
214
881
739
279
329
238
232
969
146
127
115
527
439
377
379
330
696
907
312
790
181
448
113
985
974
528
728
502
854
573
302
69
174
760
67
503
998
300
193
863
146
308
111
585
404
490
634
101
117
666
891
17
115
724
722
808
253
451
31
108
26
333
895
200
812
963
423
811
264
616
395
410
924
506
714
49
715
69
150
832
735
761
569
850
486
292
660
458
743
691
286
488
743
182
408
556
146
831
87
129
167
201
539
810
426
973
859
142
761
11
694
497
772
264
67
977
275
446
436
19
138
722
227
600
905
354
875
52
904
963
900
72
165
159
882
592
133
743
453
894
473
866
111
964
849
179
942
125
625
379
863
483
103
91
84
727
445
679
498
350
362
399
141
246
559
24
557
411
486
12
307
678
878
137
643
729
316
586
573
661
966
437
145
788
247
947
516
692
627
15
761
708
134
621
955
693
646
513
105
851
244
131
531
842
269
175
572
304
481
864
965
167
303
829
955
550
778
191
962
125
924
443
834
59
66
790
471
431
23
296
283
268
427
533
111
415
709
402
720
191
267
686
77
570
236
751
840
15
942
803
858
586
247
693
365
32
203
836
463
227
133
747
214
561
281
44
695
709
446
416
619
432
822
696
722
59
448
563
792
110
86
651
697
52
346
63
85
268
618
548
214
752
15
428
33
16
472
728
725
637
864
65
71
406
480
793
184
929
76
976
758
162
628
175
214
693
956
18
681
576
567
895
48
301
44
81
317
516
528
762
873
112
827
944
518
308
457
702
956
533
679
716
414
28
610
347
440
568
366
122
863
933
19
911
235
63
711
272
298
958
35
172
72
862
835
309
889
12
13
847
264
411
283
678
158
893
27
599
181
393
721
45
46
459
956
0
522
668
272
540
628
307
431
419
888
986
728
779
998
460
346
264
872
348
942
31
960
688
349
143
82
72
188
846
531
146
847
773
533
120
33
880
147
464
19
754
451
748
534
451
209
599
434
800
947
377
551
909
785
900
771
867
691
959
715
942
824
282
435
78
402
468
677
268
932
697
24
104
165
277
274
374
877
708
894
544
804
446
173
590
347
944
178
758
624
893
701
449
894
137
246
16
324
924
285
257
622
309
80
787
305
354
880
901
63
775
166
868
940
58
178
8
4
356
766
347
968
468
515
863
324
762
880
648
687
884
624
29
912
705
535
218
60
135
121
842
630
287
430
571
345
608
579
68
684
346
134
653
533
650
518
576
413
118
943
819
3
569
567
915
993
103
852
772
956
973
615
587
979
764
160
326
374
739
113
59
805
248
431
58
617
668
635
31
786
579
569
508
867
137
424
861
958
278
354
915
970
969
504
951
454
383
996
828
123
828
606
647
795
756
706
413
426
342
163
213
640
732
441
228
588
584
808
266
581
163
183
553
852
406
224
307
789
939
854
631
768
180
280
284
936
705
697
363
766
861
296
126
313
737
354
902
322
164
169
904
327
71
177
898
477
401
206
985
60
779
337
547
959
617
831
897
42
530
979
808
111
276
934
424
732
290
46
774
173
934
398
219
6
575
119
203
695
325
189
755
106
526
22
784
862
854
401
623
385
382
432
496
377
87
639
829
96
686
604
269
621
3
488
346
297
326
549
711
371
458
186
196
703
208
980
286
63
383
909
167
484
62
382
861
149
23
410
963
428
15
951
768
736
159
833
752
486
103
464
857
280
369
54
983
578
753
988
360
137
618
528
340
399
629
921
267
371
332
231
799
67
183
287
803
342
122
276
828
943
459
405
224
829
178
926
127
932
916
487
788
254
734
130
653
365
52
920
736
384
870
256
451
54
543
974
115
384
251
663
328
429
69
552
259
248
199
386
899
116
874
688
370
328
818
742
693
589
382
431
974
253
406
145
307
668
120
141
54
90
804
101
520
874
373
498
841
572
885
741
407
479
430
496
807
968
239
221
558
621
652
252
874
59
398
900
727
237
42
500
47
847
321
286
441
694
784
2
985
389
743
393
587
892
608
396
580
847
617
140
188
988
392
781
766
509
682
213
466
443
433
513
10
754
799
451
168
303
453
154
693
915
266
281
528
874
396
109
441
732
967
629
721
80
130
207
589
531
421
56
974
854
288
985
328
88
156
496
392
329
369
804
963
635
86
492
229
202
321
670
934
289
19
376
369
867
583
678
399
723
453
93
578
461
797
625
549
954
122
660
3
491
184
685
845
989
179
793
192
219
183
127
508
920
503
597
788
88
994
188
530
167
1
828
628
798
454
897
472
577
277
475
787
462
162
353
452
60
865
644
279
50
490
506
970
994
822
479
801
536
386
332
704
387
161
52
187
335
949
659
912
228
854
419
409
735
491
861
514
358
225
512
127
715
737
98
710
561
577
231
98
964
564
521
352
444
574
258
779
243
637
411
471
492
550
880
946
42
461
461
119
686
973
246
403
430
64
832
991
360
65
809
325
629
50
397
792
343
374
292
587
12
703
777
223
254
378
170
16
839
350
853
246
43
819
649
474
883
482
185
244
547
994
289
895
764
405
408
108
779
700
695
792
404
193
734
378
571
905
113
130
256
685
376
19
505
26
493
108
509
678
72
775
393
361
391
158
485
799
266
265
500
681
776
623
874
512
720
446
137
833
576
112
239
672
131
463
698
624
572
926
23
363
703
416
443
813
574
928
613
559
912
114
241
690
456
834
921
178
0
777
730
296
889
969
968
740
434
667
84
725
314
107
89
18
523
532
550
816
461
164
96
374
996
337
783
453
891
424
631
891
202
82
188
93
52
157
552
205
544
636
930
858
744
738
595
986
271
146
523
451
310
619
545
26
675
48
479
567
473
830
460
675
912
367
487
683
244
40
889
788
396
539
647
141
279
961
846
269
108
370
440
137
989
985
163
666
752
642
952
226
192
132
621
105
500
827
789
744
587
398
252
983
937
618
125
217
580
690
206
688
62
646
825
770
351
707
437
104
350
110
331
262
242
671
367
461
499
875
924
805
274
895
789
931
514
633
149
95
325
74
502
387
720
47
158
790
754
315
895
824
144
945
87
105
617
173
567
835
50
211
642
43
108
151
974
622
785
843
437
829
636
939
935
77
987
94
867
461
128
763
286
990
428
373
97
764
547
383
601
316
594
962
78
702
832
772
45
618
335
201
167
971
141
103
49
847
916
917
310
763
400
315
755
829
689
852
594
955
236
914
990
830
596
787
253
430
560
17
767
614
218
935
587
78
39
355
645
674
273
674
439
393
989
195
223
679
766
536
354
3
452
345
552
49
852
524
479
413
541
966
29
478
902
335
276
660
690
921
336
683
596
494
77
586
689
300
985
456
555
59
178
8
124
730
776
976
256
974
109
516
941
856
714
563
192
990
225
602
631
280
286
946
774
363
252
464
382
956
639
937
17
817
665
141
267
442
118
242
417
945
478
79
803
193
642
995
902
867
317
253
866
603
200
641
966
171
824
68
129
464
7
864
1
391
6
269
833
842
511
969
788
989
49
311
901
411
27
804
279
344
776
147
948
695
507
634
867
333
703
715
797
429
580
518
820
586
787
373
148
18
343
655
727
112
967
348
523
994
872
521
339
649
387
288
346
895
642
214
947
346
929
464
494
229
982
34
815
489
407
682
227
469
338
954
581
306
22
823
20
894
65
360
545
452
367
610
67
10
824
15
75
473
199
288
421
182
322
955
672
729
638
899
200
695
573
500
721
595
44
741
210
109
820
755
280
189
366
67
917
909
800
712
102
0
1
523
183
324
479
574
772
836
193
691
532
485
911
254
799
955
996
10
783
536
765
782
725
850
849
363
479
651
794
300
370
795
542
272
838
22
846
331
577
758
23
111
244
934
365
45
609
81
55
112
618
540
895
63
110
745
145
309
116
939
609
206
455
153
478
13
893
45
344
472
803
368
583
767
22
667
531
351
468
305
463
805
845
359
587
675
824
452
984
659
392
313
865
566
466
345
580
80
109
924
552
912
12
854
399
753
241
930
823
428
237
287
234
801
366
541
196
909
993
181
569
105
214
155
672
680
500
253
479
609
896
32
241
628
605
360
382
566
291
924
994
247
930
948
768
297
490
683
925
203
584
215
308
798
370
980
198
589
952
678
917
569
710
877
916
36
238
299
602
249
942
316
215
873
265
983
890
474
668
816
677
971
750
705
770
121
405
968
429
359
647
347
647
78
226
564
114
183
582
435
432
525
751
648
399
736
351
9
211
738
826
608
710
296
314
481
418
719
170
566
797
817
914
164
895
859
447
728
43
30
882
195
274
635
843
393
91
913
402
21
653
947
348
83
245
662
565
382
102
454
948
618
272
582
783
887
161
231
335
205
980
219
400
973
573
962
367
664
876
489
685
249
437
35
333
401
416
617
783
237
72
452
856
344
753
359
950
915
309
287
121
9
506
240
983
80
921
351
744
798
840
149
49
997
902
101
399
320
718
902
276
790
74
133
853
827
211
805
743
521
93
583
530
599
542
514
398
464
585
861
982
145
11
750
143
633
851
262
953
570
165
948
80
239
83
933
785
13
739
249
253
832
832
784
151
95
18
549
559
322
411
261
468
142
12
611
775
582
873
448
871
757
397
951
715
199
886
502
931
345
751
185
179
303
688
49
398
426
318
677
748
448
657
217
590
389
548
85
971
141
252
563
899
369
515
615
568
121
836
500
467
307
405
365
330
94
414
728
520
732
125
270
900
783
206
210
173
754
296
863
615
267
427
515
636
662
849
206
502
406
425
969
713
549
335
44
644
469
492
883
920
336
872
821
120
80
751
12
553
48
595
169
315
741
403
952
123
972
877
626
379
22
596
811
291
651
575
935
839
68
819
760
404
412
302
244
492
54
974
764
820
570
653
854
32
57
526
155
748
123
781
128
864
98
940
156
749
516
92
308
303
630
787
426
43
90
389
254
862
365
738
402
654
392
258
686
168
784
842
917
627
624
764
492
722
424
648
191
659
740
499
962
90
288
109
852
97
498
825
679
863
564
82
519
956
340
924
844
844
767
481
472
112
246
683
553
671
332
745
331
791
963
14
600
970
123
453
69
621
280
748
205
844
830
443
521
890
368
85
454
855
566
645
967
812
329
240
203
661
985
254
453
669
268
772
640
391
227
709
731
226
177
936
789
727
380
30
618
468
115
73
324
681
718
11
214
766
251
136
428
956
390
600
626
658
373
985
768
319
415
501
545
592
157
336
320
257
366
938
725
201
730
50
601
168
779
534
934
31
671
82
706
780
401
52
159
494
39
927
532
454
148
79
765
25
134
87
282
219
744
8
420
195
776
23
363
556
276
18
306
947
818
732
729
939
784
888
153
823
535
685
996
684
483
763
428
336
569
710
556
314
718
695
509
214
437
592
770
714
610
795
662
148
528
111
806
314
0
959
856
255
646
573
658
848
337
87
186
625
797
742
939
516
438
450
730
876
43
220
310
372
16
972
239
264
85
47
297
803
7
154
777
372
446
436
222
502
523
408
128
321
869
69
556
27
238
6
622
281
944
932
372
680
625
611
944
710
377
242
233
385
115
12
476
562
167
698
65
691
825
194
731
695
981
8
442
220
14
65
220
678
998
311
359
624
641
23
54
20
983
6
405
99
736
600
380
904
300
165
315
844
78
47
260
60
55
702
998
788
767
219
467
485
249
545
110
890
568
882
910
552
608
35
370
345
636
751
250
655
916
565
500
994
332
760
773
387
182
772
894
950
710
362
436
959
907
266
850
195
867
481
747
476
516
837
541
871
589
510
527
225
795
747
938
128
508
431
234
691
922
130
361
633
211
516
312
120
501
881
34
89
363
782
565
599
339
107
471
928
618
718
872
133
466
811
261
693
243
495
104
884
344
465
518
556
701
549
676
203
431
710
292
514
212
577
832
551
403
23
199
740
741
72
873
926
602
135
621
564
350
725
449
694
910
686
251
612
954
646
534
106
77
546
620
8
124
172
560
246
195
478
987
656
270
580
583
872
435
923
157
785
650
325
199
280
13
451
611
967
98
146
74
893
692
413
902
535
304
182
501
219
660
489
875
930
70
178
523
505
103
399
10
472
724
210
752
456
380
364
144
197
229
936
92
641
70
994
895
374
177
397
593
837
886
188
488
676
367
730
900
470
130
630
942
573
840
414
749
221
497
893
418
726
549
229
87
619
224
983
713
120
381
307
677
987
215
166
383
582
615
3
771
464
633
714
38
193
847
787
133
345
400
271
790
669
500
878
289
725
581
721
564
962
748
242
669
963
408
53
546
742
57
318
207
409
751
246
603
318
752
736
663
872
8
173
542
228
770
550
672
352
273
237
35
22
480
704
985
607
477
251
351
253
569
558
662
40
523
984
358
995
441
740
868
168
632
130
396
404
680
69
475
953
307
510
975
506
934
680
114
412
931
465
665
220
743
47
260
985
33
337
981
474
796
569
642
430
699
758
834
381
827
29
54
853
540
749
360
475
430
475
606
82
659
272
302
122
38
282
109
789
338
91
264
136
380
626
566
80
385
120
180
931
149
235
786
408
984
147
602
134
341
209
216
2
200
238
124
239
520
951
29
577
762
13
713
143
358
998
941
462
837
123
394
987
77
899
115
780
48
718
914
108
927
850
110
129
89
953
87
328
905
834
905
387
566
339
530
924
338
473
106
177
315
501
883
392
120
998
891
886
436
525
995
365
376
824
213
184
778
300
231
404
853
138
791
421
196
42
346
253
234
453
430
549
673
33
660
793
751
552
681
188
78
396
272
174
221
485
358
719
504
590
124
359
447
634
780
362
395
845
615
629
18
765
897
410
798
277
923
269
829
324
177
627
720
449
520
941
935
878
661
159
188
504
518
354
858
18
716
254
864
333
884
601
817
501
13
335
779
936
605
328
261
782
955
981
232
476
642
886
75
305
765
981
809
284
337
668
22
772
642
605
106
246
207
923
747
220
260
527
875
584
856
137
86
531
837
318
727
481
924
521
786
690
503
315
693
559
703
434
333
346
40
158
592
248
801
59
187
780
587
64
365
163
201
451
413
40
488
141
521
132
381
27
541
604
61
954
164
764
389
497
829
430
656
141
397
177
201
584
957
788
648
323
670
569
493
84
328
700
944
568
833
45
314
94
649
375
49
814
141
439
31
689
869
687
831
985
583
33
570
541
540
938
583
211
227
77
14
555
497
677
124
50
723
438
144
373
532
194
188
392
633
220
83
222
626
914
208
211
666
497
752
207
436
56
137
382
851
151
937
349
829
780
399
553
937
544
645
471
738
834
863
91
773
946
313
400
580
240
330
247
737
802
173
893
858
310
994
710
181
933
61
729
433
460
283
372
723
647
843
462
482
426
272
974
93
585
95
673
544
425
640
2
946
532
614
805
843
609
517
743
262
297
473
696
476
475
69
201
123
631
382
325
58
374
300
151
678
395
544
224
540
185
944
487
436
559
13
280
887
530
24
151
546
216
847
741
691
916
661
815
548
45
141
325
419
160
477
98
275
740
41
815
925
985
22
81
264
35
362
153
284
105
304
830
322
152
292
732
787
953
548
55
717
408
380
855
569
576
673
844
317
714
379
961
420
401
44
684
156
125
556
440
948
860
990
989
731
283
723
238
237
272
293
674
681
393
530
969
688
204
533
7
919
912
687
340
33
731
743
189
575
301
349
525
880
59
515
613
61
957
851
17
949
864
691
350
976
223
320
665
427
853
672
347
485
361
406
518
811
869
427
388
889
776
632
770
835
866
103
896
825
674
913
775
539
606
844
516
548
165
182
975
737
574
43
223
654
168
460
466
38
887
573
646
664
924
418
219
792
521
834
337
914
468
831
173
793
676
689
342
560
591
318
298
884
80
240
539
249
700
724
6
589
18
653
972
942
72
193
735
312
746
791
228
215
623
401
727
19
810
70
579
121
108
596
6
188
836
264
437
538
988
444
846
7
816
819
950
888
731
405
919
479
916
866
413
259
987
142
279
517
930
577
638
39
893
363
228
730
346
384
987
335
547
834
62
364
374
731
971
106
855
611
585
772
478
718
751
185
860
749
702
791
327
60
550
939
142
778
671
488
881
378
543
430
932
324
513
307
56
205
413
630
816
718
123
14
437
874
200
17
343
621
527
670
682
78
330
543
575
2
33
177
99
295
326
32
619
839
339
394
45
472
743
580
191
866
595
347
460
795
83
803
136
329
194
537
408
524
82
702
245
833
598
344
129
924
96
467
765
435
861
529
626
324
111
817
192
425
883
371
221
966
176
76
297
89
614
424
613
696
845
577
530
445
921
378
370
736
845
854
891
426
104
518
750
933
56
661
359
939
34
299
626
928
375
642
18
989
67
350
405
631
927
654
77
568
33
167
306
597
740
198
742
563
716
494
497
772
874
575
432
627
874
59
556
969
701
293
959
487
643
85
119
290
739
915
859
773
801
166
90
261
83
833
825
799
47
42
292
921
618
724
269
493
502
544
463
204
838
143
410
201
228
529
492
686
164
71
460
684
955
270
946
39
104
491
557
869
533
849
510
152
293
779
365
795
325
828
718
882
690
129
84
918
378
295
606
542
366
785
228
322
774
893
80
878
385
638
467
918
207
978
72
501
758
437
16
802
984
735
685
676
864
770
314
243
784
639
505
152
145
733
193
919
627
274
518
13
631
985
650
838
683
722
340
162
878
76
964
583
811
651
260
676
141
293
639
644
933
145
796
797
878
709
717
225
702
954
956
334
660
607
173
344
50
233
506
647
309
191
231
839
561
210
516
421
504
874
66
157
20
582
954
617
292
391
842
713
66
518
48
726
845
939
71
895
891
297
262
919
488
494
759
50
704
995
471
209
870
537
85
891
838
40
228
131
151
790
563
217
309
611
943
155
271
733
769
163
31
751
802
238
246
281
7
950
277
478
879
867
735
964
478
293
724
706
144
875
497
707
811
526
320
755
400
310
208
171
192
240
641
994
197
887
277
205
557
273
402
156
859
856
840
338
151
565
764
295
160
262
3
971
788
42
446
190
352
654
80
545
613
721
540
811
328
536
17
885
529
138
761
389
995
602
447
147
886
212
161
47
193
164
737
701
207
902
610
559
557
409
823
890
849
84
702
896
620
438
782
868
576
263
977
291
865
144
157
752
75
318
518
986
483
974
688
409
877
18
687
155
146
512
46
995
596
467
892
935
624
395
805
919
377
502
212
244
646
369
715
440
407
953
427
890
647
117
300
526
853
706
400
1
219
165
715
815
351
328
752
975
442
277
895
819
498
826
782
145
915
499
585
323
172
731
214
819
848
233
65
422
939
184
142
878
349
857
694
419
904
166
395
347
162
11
886
660
837
669
524
753
887
828
77
778
561
10
599
129
961
383
551
621
568
693
500
636
271
913
57
176
799
452
243
961
463
848
623
21
518
148
493
126
977
290
904
539
19
223
668
981
607
939
322
176
633
541
812
623
174
869
519
973
42
762
936
224
611
560
963
848
427
458
693
405
748
318
663
767
541
52
468
149
991
509
44
344
769
576
968
944
165
488
918
207
969
574
151
300
853
115
867
282
292
562
687
41
880
71
528
422
123
715
291
115
226
54
459
995
630
428
940
796
635
579
722
605
872
873
905
727
708
493
10
1
56
416
761
655
487
290
78
610
6
88
725
950
143
904
947
773
52
607
289
688
905
13
294
779
605
919
507
314
413
517
316
188
652
796
843
141
87
640
470
811
448
197
763
591
820
430
84
872
38
93
561
663
106
575
443
430
214
669
745
346
905
780
534
558
577
378
699
383
737
171
195
186
87
677
496
626
108
581
499
865
674
62
529
499
356
691
929
570
361
394
916
267
175
451
544
471
548
963
854
5
853
769
192
940
447
688
286
275
988
785
141
382
566
670
881
922
362
531
493
442
925
410
709
820
580
254
292
847
936
866
572
790
355
764
450
521
172
736
796
162
523
937
263
90
327
864
14
408
396
226
850
322
356
279
143
655
534
155
223
190
740
795
981
96
560
432
617
451
170
415
332
412
72
596
502
400
461
235
527
576
462
379
898
818
658
761
193
911
635
416
103
376
212
85
472
491
236
808
943
406
224
276
818
16
591
41
135
771
276
662
348
457
42
966
994
420
728
189
332
83
605
435
459
818
239
650
310
476
459
972
601
403
968
421
419
560
462
273
333
457
935
400
915
697
367
910
118
814
100
450
897
425
605
357
244
563
726
273
40
905
247
642
309
216
782
447
776
963
720
828
421
375
230
56
73
597
967
909
413
786
80
30
212
685
107
175
249
833
449
9
739
696
651
767
631
153
215
127
117
654
956
538
749
905
595
822
222
282
452
354
787
532
385
719
936
492
894
904
326
344
913
785
759
284
553
110
437
488
238
554
143
913
812
611
538
127
154
760
409
606
116
915
139
501
635
794
993
531
699
39
594
333
824
74
617
98
184
774
586
141
48
448
55
860
61
593
987
215
74
116
540
190
33
398
410
387
193
123
918
611
162
233
944
706
307
563
523
210
57
828
71
105
995
126
966
775
439
673
709
232
509
250
422
261
648
551
648
560
674
287
173
555
520
118
980
546
400
223
475
457
52
546
563
767
392
249
543
550
922
254
782
432
223
923
693
591
475
62
152
868
349
44
143
869
163
125
135
282
67
610
740
120
158
23
606
269
272
150
819
913
123
602
66
347
245
478
657
720
540
528
308
608
573
451
478
455
295
332
737
363
943
197
202
820
220
808
808
211
677
628
844
801
949
910
867
195
108
525
634
368
772
942
976
346
394
175
801
409
507
259
772
451
456
974
990
396
502
799
607
180
147
452
981
97
82
568
11
191
812
645
278
586
307
255
651
421
430
173
830
938
432
603
109
888
297
101
4
518
619
612
698
767
783
400
583
585
687
595
495
501
959
773
806
268
29
458
689
179
631
520
118
64
842
945
672
858
765
676
96
386
8
513
872
792
913
456
97
321
52
592
822
13
366
348
0
395
806
689
293
439
928
411
222
490
358
613
68
124
291
882
229
18
396
102
529
30
559
626
351
330
219
892
62
585
241
62
700
766
470
993
924
118
125
148
327
202
761
114
45
771
996
275
509
394
96
39
424
374
666
494
705
885
387
486
191
628
268
891
114
457
604
40
576
729
188
622
650
668
737
696
160
453
971
669
847
786
708
990
162
94
485
586
980
591
73
172
938
341
782
54
799
106
94
95
555
1
436
206
388
892
902
548
347
593
936
913
381
365
624
262
459
828
848
159
421
921
50
360
982
551
414
501
658
508
315
214
228
751
420
617
364
43
166
711
636
822
344
736
188
968
998
366
517
847
526
938
489
295
299
472
847
433
692
225
660
8
439
889
478
578
507
842
621
392
273
977
215
337
714
122
25
433
489
542
0
734
481
489
748
781
680
596
933
373
821
594
100
979
484
298
559
710
141
899
104
134
877
38
471
312
879
496
464
88
40
464
822
521
954
290
22
354
887
674
447
428
270
547
128
473
845
687
185
706
306
8
840
185
764
31
216
644
527
680
732
286
145
274
808
818
284
549
174
890
225
621
319
214
887
447
687
453
853
591
878
161
318
438
65
84
469
0
447
715
680
899
3
544
892
530
83
177
798
257
68
742
597
107
956
204
273
645
376
128
955
973
8
275
412
791
78
600
791
525
317
472
144
39
735
38
288
818
933
87
794
3
830
111
828
787
316
102
152
411
230
109
386
956
103
798
748
181
119
540
425
155
731
570
194
468
327
482
6
261
288
801
982
119
912
811
626
947
914
778
360
863
606
465
540
709
982
289
609
102
830
36
257
281
325
170
468
652
652
475
913
660
995
616
779
627
428
406
576
62
904
655
645
511
839
186
940
822
475
550
925
25
305
901
307
630
73
775
283
444
251
916
105
965
533
604
594
680
11
889
743
915
545
389
147
385
294
88
926
769
357
852
514
663
755
821
13
547
316
16
991
568
932
816
253
185
421
847
865
151
737
328
68
2
436
933
106
730
740
34
501
98
605
734
480
80
556
213
627
872
229
339
160
880
156
414
66
296
980
650
447
719
979
234
721
416
168
828
148
627
581
368
445
187
103
925
268
378
857
895
251
805
953
131
686
828
545
471
125
526
123
573
964
103
807
406
519
695
235
386
323
535
754
768
722
576
414
990
954
272
606
925
797
279
57
484
109
321
956
234
847
80
526
532
901
335
938
140
749
892
527
791
428
1
561
151
297
694
861
252
685
187
178
483
466
953
968
294
275
644
529
842
443
56
375
345
110
314
485
578
207
731
371
635
733
932
505
31
346
86
2
32
273
899
235
459
853
204
472
848
567
2
691
11
777
67
356
606
381
560
186
307
293
557
942
745
209
167
495
274
254
497
25
246
116
260
424
689
183
897
538
750
618
230
761
115
16
118
722
397
398
627
704
691
903
366
437
831
533
932
106
506
149
131
753
984
111
896
674
294
794
213
46
133
162
807
248
178
645
689
294
44
36
717
454
939
84
891
490
336
543
315
562
411
166
35
396
277
931
71
571
727
3
617
860
165
145
827
62
509
518
356
553
554
792
726
214
595
337
704
651
599
21
214
11
905
249
408
183
181
198
754
627
202
92
488
86
955
36
867
465
554
942
737
827
736
464
42
332
801
466
983
401
206
916
412
112
166
539
295
348
457
768
975
659
579
184
464
535
220
51
1
493
994
738
40
450
203
83
782
723
268
486
125
474
403
257
305
570
515
319
637
972
88
332
351
668
235
535
922
455
586
924
667
300
663
708
750
586
510
534
310
778
739
155
971
143
131
277
432
365
596
788
339
403
122
409
790
357
944
714
532
251
639
200
551
22
627
22
608
856
275
638
635
15
512
326
876
643
322
310
727
637
99
785
760
939
196
551
298
859
266
549
829
624
468
101
647
97
123
974
953
398
332
309
413
844
354
9
207
677
38
935
34
138
721
794
796
636
347
95
216
332
363
764
676
832
865
324
648
988
18
321
106
351
349
238
914
704
248
123
101
286
777
135
143
218
930
940
574
996
754
790
48
119
555
724
670
141
767
319
130
786
640
955
856
990
194
490
414
442
613
515
729
110
650
591
48
300
532
622
16
288
132
65
126
406
789
796
547
277
116
397
64
475
353
639
185
547
130
599
709
463
115
158
292
485
749
340
504
283
962
240
290
813
24
416
221
532
931
487
809
766
884
592
242
956
232
147
505
82
746
933
264
581
92
556
785
841
616
9
125
298
249
134
113
273
269
53
806
201
540
335
967
145
928
929
102
879
77
326
680
823
260
944
124
352
221
628
913
556
638
757
854
606
892
686
599
162
739
125
364
0
460
51
145
389
980
965
270
58
12
950
601
990
615
444
344
555
74
976
112
431
734
966
38
346
373
356
509
113
481
592
831
942
362
695
51
344
662
40
121
393
710
722
384
326
168
447
881
960
424
712
392
160
679
149
506
53
506
734
885
706
46
717
649
409
133
420
472
795
460
593
189
171
317
573
216
204
22
816
883
165
529
994
325
928
144
551
700
369
5
586
77
770
24
445
898
157
865
371
671
327
964
579
217
1
871
434
923
612
251
807
778
781
802
822
429
666
93
130
754
99
436
831
588
179
996
487
55
862
858
726
908
542
25
127
544
896
561
187
229
531
714
726
32
236
549
461
902
643
592
658
461
747
209
50
926
206
537
981
70
115
427
697
657
452
824
920
68
105
109
297
637
542
742
388
778
293
850
682
655
162
60
835
909
269
604
836
476
860
818
265
975
964
962
352
417
788
274
204
612
102
221
968
644
963
358
423
257
209
824
631
371
884
186
0
155
790
836
350
370
374
615
346
339
578
418
475
86
411
679
699
513
900
668
876
865
745
19
841
954
844
474
45
448
379
763
603
171
600
672
541
693
288
607
33
586
26
227
672
437
907
91
669
808
479
265
393
225
284
236
899
847
429
944
297
808
709
619
698
29
293
959
442
300
567
194
886
312
422
560
468
330
370
138
857
849
122
252
76
406
207
975
255
355
639
271
164
68
890
582
816
184
542
259
485
828
453
91
141
875
370
328
924
741
185
502
591
307
754
386
713
680
81
687
36
721
958
918
789
569
501
325
472
762
584
957
591
757
768
451
633
139
779
278
599
964
780
192
272
254
297
705
653
379
393
689
101
72
327
609
641
548
935
114
311
239
791
622
996
560
74
350
418
573
347
19
538
128
929
530
101
227
236
754
325
348
163
145
420
490
755
780
39
410
614
70
368
406
692
366
685
766
435
104
340
782
841
598
629
771
129
730
718
365
204
44
432
367
190
572
576
664
353
616
793
967
686
880
93
379
965
497
864
401
321
206
902
163
804
532
654
652
981
373
736
186
136
169
553
45
741
131
428
814
466
940
782
871
822
595
251
788
93
834
909
414
41
812
297
564
65
951
217
47
44
672
234
898
842
506
944
584
356
92
399
541
34
901
413
575
216
383
83
309
219
711
443
260
244
740
544
309
411
480
75
455
154
309
354
715
535
18
300
610
111
419
153
863
40
566
158
256
669
241
284
888
672
446
867
916
187
412
226
317
612
301
772
485
330
846
201
584
583
220
195
413
358
67
277
398
353
154
373
23
115
377
911
787
823
779
704
730
911
930
48
524
950
540
10
281
106
929
865
689
150
780
104
509
847
100
626
201
255
1
224
370
97
854
158
920
635
581
651
547
512
419
790
463
959
519
464
66
449
49
474
318
829
297
827
397
398
174
317
372
893
261
461
990
116
619
630
751
201
2
18
432
421
527
614
100
47
79
884
215
847
359
534
396
657
81
793
774
255
830
147
149
92
608
858
208
946
490
679
866
492
697
299
632
226
632
732
991
431
617
208
279
695
461
675
353
542
189
846
517
20
993
385
112
602
245
39
268
454
718
135
665
136
153
298
81
786
31
73
218
648
0
216
63
461
891
417
723
81
264
241
819
977
626
931
299
590
971
568
763
409
422
429
545
576
727
345
363
758
138
300
126
138
516
190
319
127
326
761
927
309
3
747
287
348
680
587
658
371
874
422
499
297
852
764
873
299
110
955
59
248
974
903
106
491
94
144
338
139
905
266
449
627
14
736
694
413
43
72
503
917
214
4
216
785
768
808
85
597
765
144
846
740
767
671
951
861
815
290
2
440
275
170
786
289
906
200
422
950
273
925
587
487
648
803
273
417
613
358
16
98
222
581
557
989
971
228
570
506
237
291
946
512
461
452
521
88
652
943
757
925
588
345
132
238
868
405
374
482
483
390
299
424
690
575
133
662
804
703
169
42
714
834
274
894
287
795
982
659
458
740
304
47
805
437
285
674
561
660
875
45
769
175
188
180
750
321
842
274
744
731
317
459
285
310
354
292
106
57
951
283
797
256
330
322
412
616
996
974
995
872
738
765
766
927
945
237
249
508
511
993
958
547
172
962
857
246
255
682
303
925
965
819
901
297
143
314
632
140
8
628
14
747
113
499
675
60
736
643
287
249
357
964
796
529
927
374
775
184
57
797
828
24
618
730
40
761
764
391
901
772
20
634
520
133
853
914
911
590
559
917
839
635
882
356
883
811
730
379
714
787
177
543
530
795
993
289
557
477
680
179
250
419
532
490
272
386
405
184
977
683
821
536
319
704
611
922
235
342
302
668
849
479
931
99
276
925
389
552
403
70
450
372
490
702
862
762
89
269
665
785
671
206
42
710
630
653
633
865
996
935
254
565
134
186
664
129
112
772
682
234
562
851
325
53
554
189
534
363
177
918
867
567
844
909
278
475
564
911
60
280
566
314
564
701
500
229
830
331
3
232
284
565
85
610
337
358
518
590
440
414
228
309
981
73
219
261
267
502
891
328
501
178
361
66
879
581
296
429
912
18
662
916
302
466
246
358
824
764
948
984
179
895
294
879
688
232
141
955
735
752
3
237
930
84
23
529
665
38
958
297
56
621
214
77
806
460
435
351
943
103
336
841
717
630
722
406
862
582
82
317
54
803
555
984
887
578
233
272
616
193
570
391
533
784
187
341
964
622
692
627
444
29
470
162
378
193
288
959
494
370
278
549
892
552
253
500
849
487
772
185
680
343
576
214
847
763
274
531
105
685
159
549
714
629
711
811
541
0
772
37
89
51
305
701
322
558
202
172
46
974
357
445
38
652
379
604
135
653
854
240
340
14
508
773
363
938
305
904
658
78
660
747
847
684
168
888
244
370
61
9
65
418
174
821
71
553
426
206
925
281
165
984
14
673
759
377
612
783
2
271
580
381
738
147
67
906
36
30
996
97
39
62
234
213
883
24
485
29
948
412
29
114
397
43
506
875
140
837
659
142
828
240
523
286
106
309
911
142
339
908
239
379
689
192
311
573
216
516
321
165
928
350
997
45
113
223
640
253
62
19
114
609
260
356
895
85
666
807
228
6
436
186
104
126
379
135
419
314
651
740
199
299
810
197
344
642
421
984
895
202
5
10
811
983
366
426
787
751
234
16
758
670
203
581
797
301
716
935
615
368
676
814
386
206
731
731
848
871
435
463
792
159
473
604
861
559
31
650
30
983
385
788
374
588
371
890
608
806
826
943
894
222
758
281
429
209
13
278
81
168
461
873
46
653
197
908
213
946
278
962
650
663
751
25
971
841
634
580
368
461
524
263
683
3
544
831
212
277
829
13
445
291
605
491
944
522
119
877
469
397
840
838
780
311
863
752
872
217
333
241
678
577
504
82
580
49
913
511
326
462
243
490
753
849
701
418
372
539
296
560
937
855
119
437
167
701
190
40
919
242
281
598
819
504
399
119
554
314
350
599
495
593
809
250
162
511
668
253
51
683
533
707
539
652
145
706
354
54
466
274
297
466
592
835
971
991
674
245
25
743
563
521
337
373
490
219
603
877
472
374
280
6
82
819
377
946
245
732
719
711
725
735
897
37
291
869
30
965
833
773
428
397
14
765
771
504
703
94
101
177
468
381
901
270
201
280
217
166
731
655
596
176
392
494
214
683
83
962
368
916
455
796
315
470
562
805
693
985
899
795
163
88
895
783
358
816
782
294
982
233
949
579
410
342
793
343
26
876
25
394
794
480
191
828
669
473
353
364
459
253
878
341
341
774
125
418
591
908
712
293
142
663
873
271
6
386
333
751
263
358
864
776
558
57
324
946
249
677
311
708
650
190
768
710
684
893
130
276
521
842
570
383
225
163
373
950
268
707
702
531
784
567
28
62
343
352
10
592
31
40
20
681
949
788
111
634
402
241
629
642
803
918
744
29
800
119
979
69
545
682
320
330
969
348
112
313
419
122
625
450
162
645
850
112
154
681
465
556
922
96
199
726
15
663
475
535
782
455
604
328
857
924
377
827
991
489
859
412
330
485
581
212
850
152
43
5
833
509
561
756
324
479
203
58
143
678
593
644
134
199
972
710
842
70
257
835
278
118
248
609
322
548
540
173
700
583
896
534
811
177
11
136
376
214
913
238
611
507
883
464
425
575
176
987
645
152
542
924
988
790
253
312
58
512
204
759
96
102
13
627
279
742
482
374
675
396
613
287
623
497
752
767
73
647
755
438
799
298
82
789
807
54
820
866
566
25
345
381
845
77
9
844
820
492
219
496
607
832
784
949
330
256
718
123
903
193
280
422
492
362
212
19
416
33
604
701
777
668
83
623
746
93
187
567
304
407
782
630
958
567
581
9
542
19
132
446
212
412
588
423
493
800
443
628
834
766
330
331
436
413
954
183
225
143
469
529
269
252
879
228
539
180
237
82
199
88
248
411
219
836
554
712
637
997
341
191
483
390
522
919
804
197
821
30
59
291
279
47
263
159
993
802
339
950
884
257
39
851
387
977
688
941
409
46
939
470
955
143
860
198
63
665
114
885
415
891
895
694
938
159
572
932
680
630
883
566
887
642
137
275
620
545
218
30
310
876
500
266
20
81
183
802
746
16
407
162
907
303
575
565
182
148
218
862
778
102
148
385
463
286
661
802
550
598
552
860
475
771
845
215
852
30
18
319
764
425
200
673
447
776
239
629
643
457
212
142
279
360
527
461
365
907
983
915
506
536
495
701
308
342
916
880
91
653
200
855
797
400
248
245
895
488
594
540
664
806
682
662
885
210
843
970
119
827
605
344
364
102
46
391
163
681
990
254
335
191
828
133
311
78
98
207
285
692
747
668
218
149
51
822
360
894
512
198
441
119
261
805
939
308
915
821
989
907
794
45
817
623
896
129
701
994
56
986
687
803
656
624
672
707
448
33
321
960
949
762
798
211
287
457
238
921
997
947
829
792
992
648
417
889
496
837
885
552
825
292
76
201
917
748
627
85
500
948
764
169
430
283
99
717
459
338
639
458
286
189
251
997
556
387
606
771
226
492
325
770
504
120
690
141
868
318
944
88
985
709
257
416
992
356
852
172
413
211
630
699
400
600
416
675
707
24
448
933
235
773
423
739
612
114
599
200
151
544
288
137
255
264
272
966
339
843
139
472
55
488
172
175
90
308
850
797
332
299
450
567
791
873
27
123
706
626
323
857
890
330
713
864
594
985
831
653
829
690
126
603
179
17
778
269
325
349
785
376
648
236
944
160
828
690
283
535
36
326
112
926
656
825
791
970
811
343
343
360
34
469
964
213
205
462
202
250
811
706
626
180
662
290
59
491
699
61
746
736
387
858
382
45
685
175
734
216
237
78
577
271
266
261
203
471
442
124
440
973
831
786
154
494
77
931
704
496
992
451
233
100
30
334
863
715
228
598
650
465
676
946
455
661
926
659
133
370
783
293
344
615
80
217
828
157
149
534
372
860
985
324
960
734
659
543
169
887
142
820
73
537
767
528
199

